msg
tf.Tensor(
[[[1]
  [1]
  [1]
  ...
  [1]
  [0]
  [0]]

 [[1]
  [0]
  [1]
  ...
  [0]
  [1]
  [0]]

 [[1]
  [1]
  [1]
  ...
  [0]
  [0]
  [0]]

 ...

 [[1]
  [1]
  [0]
  ...
  [0]
  [0]
  [0]]

 [[1]
  [0]
  [1]
  ...
  [1]
  [0]
  [1]]

 [[1]
  [1]
  [0]
  ...
  [1]
  [0]
  [1]]], shape=(1000, 33, 1), dtype=int32)
base_2
tf.Tensor([16  8  4  2  1], shape=(5,), dtype=int32)
base_2_filter
tf.Tensor(
[[[16.]]

 [[ 8.]]

 [[ 4.]]

 [[ 2.]]

 [[ 1.]]], shape=(5, 1, 1), dtype=float32)
msg_prepended
tf.Tensor(
[[0 0 0 ... 1 0 0]
 [0 0 0 ... 0 1 0]
 [0 0 0 ... 0 0 0]
 ...
 [0 0 0 ... 0 0 0]
 [0 0 0 ... 1 0 1]
 [0 0 0 ... 1 0 1]], shape=(1000, 37), dtype=int32)
conv_msg_input
tf.Tensor(
[[[0.]
  [0.]
  [0.]
  ...
  [1.]
  [0.]
  [0.]]

 [[0.]
  [0.]
  [0.]
  ...
  [0.]
  [1.]
  [0.]]

 [[0.]
  [0.]
  [0.]
  ...
  [0.]
  [0.]
  [0.]]

 ...

 [[0.]
  [0.]
  [0.]
  ...
  [0.]
  [0.]
  [0.]]

 [[0.]
  [0.]
  [0.]
  ...
  [1.]
  [0.]
  [1.]]

 [[0.]
  [0.]
  [0.]
  ...
  [1.]
  [0.]
  [1.]]], shape=(1000, 37, 1), dtype=float32)
state_sequence
tf.Tensor(
[[ 1  3  7 ... 23 14 28]
 [ 1  2  5 ... 30 29 26]
 [ 1  3  7 ...  6 12 24]
 ...
 [ 1  3  6 ... 12 24 16]
 [ 1  2  5 ... 13 26 21]
 [ 1  3  6 ... 29 26 21]], shape=(1000, 33), dtype=int32)
first binary sequence
[0, 0, 0, 0, 1, 1, 1, 0, 0, 0, 0, 0, 0, 1, 1, 1, 1, 1, 1, 1, 1, 1, 1, 1, 0, 1, 1, 0, 0, 1, 1, 0, 1, 1, 1, 0, 0]
first state sequence
[1, 3, 7, 14, 28, 24, 16, 0, 0, 1, 3, 7, 15, 31, 31, 31, 31, 31, 31, 31, 30, 29, 27, 22, 12, 25, 19, 6, 13, 27, 23, 14, 28]
